7.995026736110619758e-01 5.171955792799300955e-01 3.054573745419501551e-01
-5.044721064471120453e-01 5.412783624231359836e-02 8.617296972720268622e-01
7.321702672532228728e-01 4.913846297697327392e-01 4.716649715384922947e-01
-7.363521816665308251e-01 -5.493592584814178670e-01 3.949555287316369179e-01
-4.898000119072876690e-01 -6.158651644096542199e-01 6.170948449001095737e-01
9.047404340297184877e-01 -3.514825236980819168e-01 2.406341259392439091e-01
4.280784617464567510e-01 -4.456389002902420571e-01 7.862282118678336484e-01
-8.343857560072263091e-01 -3.081627189570719169e-02 5.503187872121931834e-01
2.494843100838659844e-01 5.521647347083326052e-01 7.955323279204020714e-01
7.640185579012942485e-01 6.187935450791535175e-01 1.826750988799528963e-01
